<?xml version="1.0" encoding="UTF-8" standalone="no" ?>
<SimscapeMultibodyImportXML version="2.0" xmlns="urn:mathworks:SimscapeMultibody:import" xmlns:xsi="http://www.w3.org/2001/XMLSchema-instance">
<Created by="" on="08/10/25||17:18:49" using="Simscape Multibody Link Version 7.4" from="SolidWorks 32.5.0"/>
<ModelUnits mass="kilogram" length="millimeter"/>
<DataUnits mass="kilogram" length="meter"/>
<RootAssembly name="Ensamblaje_propio" uid="Ensamblaje_propio" version="174">
<AssemblyFile name="Ensamblaje_propio.SLDASM" type="SolidWorks Assembly"/>
<InstanceTree>
<Instance name="Base-1" uid="Base-1" entityUid="Base*:*Default">
<Transform>
<Rotation>0.43984689768863439 -0.026032204451436249 -0.89769539985736968 -0.34999840451475583 0.91557687312414471 -0.19804066814000407 0.82706458238205882 0.40129953118788037 0.39360241721511086</Rotation>
<Translation>-0.097707154390471687 0.3147296298171719 0.16031276345635281</Translation>
</Transform>
</Instance>
<Instance name="Arm 1-1" uid="Arm 1-1" entityUid="Arm 1*:*Default">
<Transform>
<Rotation>0.01239349670341687 0.97254233129884415 0.23239581552014296 -0.99858102102824309 2.0198686473404948e-15 0.053253586190899135 0.051791366864120406 -0.23272604888969761 0.97116231418158727</Rotation>
<Translation>-0.12371091446992015 0.23335134294395476 0.058153557653362872</Translation>
</Transform>
</Instance>
<Instance name="Arm 3-1" uid="Arm 3-1" entityUid="Arm 3*:*Default">
<Transform>
<Rotation>-0.40442341656473857 -0.89769539985737279 0.17488473120605869 0.72489633894128214 -0.19804066813999774 0.65977662246565594 -0.55764414990532218 0.39360241721510647 0.73082839246898135</Rotation>
<Translation>-0.089343104068844062 0.29893287766102583 0.13371224121458955</Translation>
</Transform>
</Instance>
<Instance name="Arm 2-1" uid="Arm 2-1" entityUid="Arm 2*:*Default">
<Transform>
<Rotation>-0.15354720649621248 -0.97254233129884637 0.17488473120605652 0.75146178109589068 4.3359142231497172e-15 0.65977662246565849 -0.64166069454923103 0.23272604888968737 0.73082839246898001</Rotation>
<Translation>-0.11982074514472496 0.23335134294395471 0.05722265345780421</Translation>
</Transform>
</Instance>
<Instance name="Circular Base-1" uid="Circular Base-1" grounded="true" entityUid="Circular Base*:*Default">
<Transform>
<Rotation>0.99999988503659021 -0.00033906968022731756 0.00033905539134750095 0.00033906968022731751 4.2084829759026664e-05 -0.99999994163030792 0.0003390553913475009 0.99999994163030792 4.2199793168860588e-05</Rotation>
<Translation>-0.12050853469248807 0.024998947879256092 0.040055261400247524</Translation>
</Transform>
</Instance>
<Instance name="Rotating Waste-1" uid="Rotating Waste-1" entityUid="Rotating Waste*:*Default">
<Transform>
<Rotation>0.97254233129873335 0.23272604889015952 2.0152788642962415e-15 1.2254149428510199e-15 3.5384049878151866e-15 -0.99999999999999989 -0.23272604889015946 0.97254233129873324 3.1794624569420586e-15</Rotation>
<Translation>-0.12051701143449386 0.050000000000000024 0.065055259941005278</Translation>
</Transform>
</Instance>
</InstanceTree>
<Constraints>
<Coincident name="Coincidente1">
<ConstraintGeometry geomType="plane">
<InstancePath>
<Uid>Circular Base-1</Uid>
</InstancePath>
<Position>-8.4767420056863774e-06 0.02499894787925605 0.024999998540757767</Position>
<Axis>-0.00033906968022731746 -4.2084829759026637e-05 0.99999994163030792</Axis>
</ConstraintGeometry>
<ConstraintGeometry geomType="plane">
<InstancePath>
<Uid>Ensamblaje_propio</Uid>
</InstancePath>
<Position>0 0 0</Position>
<Axis>0 1 0</Axis>
</ConstraintGeometry>
</Coincident>
<Coincident name="Coincidente2">
<ConstraintGeometry geomType="plane">
<InstancePath>
<Uid>Circular Base-1</Uid>
</InstancePath>
<Position>8.4767420056863774e-06 0.025001052120744022 -0.024999998540757646</Position>
<Axis>0.00033906968022731746 4.2084829759026637e-05 -0.99999994163030792</Axis>
</ConstraintGeometry>
<ConstraintGeometry geomType="plane">
<InstancePath>
<Uid>Rotating Waste-1</Uid>
</InstancePath>
<Position>0 0 0</Position>
<Axis>0 -3.4687166090075798e-15 0.99999999999999989</Axis>
</ConstraintGeometry>
</Coincident>
<Concentric name="Concéntrica1">
<ConstraintGeometry geomType="cylinder">
<InstancePath>
<Uid>Circular Base-1</Uid>
</InstancePath>
<Position>8.4767420056863774e-06 0.025001052120744022 -0.024999998540757646</Position>
<Axis>-0.00033906968022731746 -4.2084829759026637e-05 0.99999994163030792</Axis>
</ConstraintGeometry>
<ConstraintGeometry geomType="cylinder">
<InstancePath>
<Uid>Rotating Waste-1</Uid>
</InstancePath>
<Position>0 0 -0.0049999999999999975</Position>
<Axis>0 -3.4687166090075798e-15 0.99999999999999989</Axis>
</ConstraintGeometry>
</Concentric>
<Coincident name="Coincidente3">
<ConstraintGeometry geomType="plane">
<InstancePath>
<Uid>Arm 1-1</Uid>
</InstancePath>
<Position>0.070000000000000007 0.0040000000000000036 0</Position>
<Axis>0 1.0000000000000004 7.1054273576010019e-15</Axis>
</ConstraintGeometry>
<ConstraintGeometry geomType="plane">
<InstancePath>
<Uid>Rotating Waste-1</Uid>
</InstancePath>
<Position>0.0025000000000000022 1.2004286453759505e-15 0</Position>
<Axis>-1 -4.8094861426761781e-13 0</Axis>
</ConstraintGeometry>
</Coincident>
<Concentric name="Concéntrica2">
<ConstraintGeometry geomType="circle">
<InstancePath>
<Uid>Arm 1-1</Uid>
</InstancePath>
<Position>0.13999999999999996 -0.019699999999999995 -1.5959455978986625e-16</Position>
<Axis>0 -1.0000000000000004 -7.1054273576010019e-15</Axis>
</ConstraintGeometry>
<ConstraintGeometry geomType="circle">
<InstancePath>
<Uid>Rotating Waste-1</Uid>
</InstancePath>
<Position>0.00250000000000003 1.3392065234540951e-15 -0.043549999999999971</Position>
<Axis>1 4.8094861426761781e-13 0</Axis>
</ConstraintGeometry>
</Concentric>
<Coincident name="Coincidente4">
<ConstraintGeometry geomType="plane">
<InstancePath>
<Uid>Arm 1-1</Uid>
</InstancePath>
<Position>0.070000000000000007 0.0040000000000000036 0</Position>
<Axis>0 1.0000000000000004 7.1054273576010019e-15</Axis>
</ConstraintGeometry>
<ConstraintGeometry geomType="plane">
<InstancePath>
<Uid>Arm 2-1</Uid>
</InstancePath>
<Position>0 0 0</Position>
<Axis>-6.9666494795228573e-15 1 0</Axis>
</ConstraintGeometry>
</Coincident>
<Concentric name="Concéntrica3">
<ConstraintGeometry geomType="circle">
<InstancePath>
<Uid>Arm 1-1</Uid>
</InstancePath>
<Position>0 -0.019700000000000023 -1.3877787807814457e-16</Position>
<Axis>0 -1.0000000000000004 -7.1054273576010019e-15</Axis>
</ConstraintGeometry>
<ConstraintGeometry geomType="circle">
<InstancePath>
<Uid>Arm 2-1</Uid>
</InstancePath>
<Position>0 0 0</Position>
<Axis>6.9666494795228573e-15 -1 0</Axis>
</ConstraintGeometry>
</Concentric>
<Coincident name="Coincidente5">
<ConstraintGeometry geomType="plane">
<InstancePath>
<Uid>Arm 2-1</Uid>
</InstancePath>
<Position>7.2164496600635175e-16 -0.15446931483814222 0.10300000000000001</Position>
<Axis>-3.4972025275692431e-15 0 1</Axis>
</ConstraintGeometry>
<ConstraintGeometry geomType="plane">
<InstancePath>
<Uid>Arm 3-1</Uid>
</InstancePath>
<Position>0 0 -0.0015000000000000568</Position>
<Axis>-1.1102230246251565e-16 0 -1</Axis>
</ConstraintGeometry>
</Coincident>
<Coincident name="Coincidente11">
<ConstraintGeometry geomType="plane">
<InstancePath>
<Uid>Arm 3-1</Uid>
</InstancePath>
<Position>-1.1102230246251565e-16 0.014850000000000002 0</Position>
<Axis>-6.9111383282915995e-15 0.99999999999999989 0</Axis>
</ConstraintGeometry>
<ConstraintGeometry geomType="plane">
<InstancePath>
<Uid>Base-1</Uid>
</InstancePath>
<Position>0.0043154903421206425 0 0</Position>
<Axis>0 0 -1.0000000000000002</Axis>
</ConstraintGeometry>
</Coincident>
<Concentric name="Concéntrica4">
<ConstraintGeometry geomType="circle">
<InstancePath>
<Uid>Arm 3-1</Uid>
</InstancePath>
<Position>-1.6653345369377348e-16 0.014849999999999988 0.028400000000000203</Position>
<Axis>6.9111383282915995e-15 -0.99999999999999989 0</Axis>
</ConstraintGeometry>
<ConstraintGeometry geomType="circle">
<InstancePath>
<Uid>Base-1</Uid>
</InstancePath>
<Position>0 0 0.0070000000000000201</Position>
<Axis>0 0 1.0000000000000002</Axis>
</ConstraintGeometry>
</Concentric>
<Concentric name="Concéntrica5">
<ConstraintGeometry geomType="circle">
<InstancePath>
<Uid>Arm 2-1</Uid>
</InstancePath>
<Position>-0.0050999999999997159 -0.011849999999998279 0.10300000000000001</Position>
<Axis>-3.4972025275692431e-15 0 1</Axis>
</ConstraintGeometry>
<ConstraintGeometry geomType="circle">
<InstancePath>
<Uid>Arm 3-1</Uid>
</InstancePath>
<Position>-0.0006026337239384838 0.00015393693163850974 0.0062499999999999778</Position>
<Axis>-1.1102230246251565e-16 0 -0.99999999999999989</Axis>
</ConstraintGeometry>
</Concentric>
</Constraints>
</RootAssembly>
<Assemblies>
</Assemblies>
<Parts>
<Part name="Arm 1" uid="Arm 1*:*Default" version="869">
<ModelUnits mass="kilogram" length="millimeter"/>
<PartFile name="Arm 1.SLDPRT" type="SolidWorks Part"/>
<MassProperties>
<Mass>0.1381890723379629</Mass>
<CenterOfMass>0.069999989025701828 -0.0063183639342844072 -3.7913174362952558e-08</CenterOfMass>
<Inertia>3.0845122496716641e-05 0.00043178100590702932 0.00041303351371619365 1.9254403636137386e-11 -9.9727529403892482e-11 -4.1189014949918029e-12</Inertia>
</MassProperties>
<GeometryFile name="Arm 1_Default_sldprt.STEP" type="STEP"/>
<VisualProperties>
<Ambient r="1" g="1" b="1" a="1"/>
<Diffuse r="1" g="1" b="1" a="1"/>
<Specular r="0.5" g="0.5" b="0.5" a="1"/>
<Emissive r="0" g="0" b="0" a="1"/>
<Shininess>0.40000000596046448</Shininess>
</VisualProperties>
</Part>
<Part name="Arm 2" uid="Arm 2*:*Default" version="2619">
<ModelUnits mass="kilogram" length="millimeter"/>
<PartFile name="Arm 2.SLDPRT" type="SolidWorks Part"/>
<MassProperties>
<Mass>0.080335404973809657</Mass>
<CenterOfMass>0.00010050089462880585 -0.01057884316006167 0.031698969176262276</CenterOfMass>
<Inertia>0.00010452010849934843 0.00011722659828160775 2.1257458146698594e-05 8.1701872534527893e-07 -2.5423125853886492e-07 1.047713192012358e-08</Inertia>
</MassProperties>
<GeometryFile name="Arm 2_Default_sldprt.STEP" type="STEP"/>
<VisualProperties>
<Ambient r="1" g="1" b="1" a="1"/>
<Diffuse r="1" g="1" b="1" a="1"/>
<Specular r="0.5" g="0.5" b="0.5" a="1"/>
<Emissive r="0" g="0" b="0" a="1"/>
<Shininess>0.40000000596046448</Shininess>
</VisualProperties>
</Part>
<Part name="Arm 3" uid="Arm 3*:*Default" version="2275">
<ModelUnits mass="kilogram" length="millimeter"/>
<PartFile name="Arm 3.SLDPRT" type="SolidWorks Part"/>
<MassProperties>
<Mass>0.020448064057802501</Mass>
<CenterOfMass>-3.8301454272514196e-05 0.0041029432757805672 0.018450433375904147</CenterOfMass>
<Inertia>5.0953107101676628e-06 6.0739970279593666e-06 2.9611811315180953e-06 -3.9177794836707253e-07 -1.1376713470014143e-08 -2.9734189816482056e-09</Inertia>
</MassProperties>
<GeometryFile name="Arm 3_Default_sldprt.STEP" type="STEP"/>
<VisualProperties>
<Ambient r="1" g="1" b="1" a="1"/>
<Diffuse r="1" g="1" b="1" a="1"/>
<Specular r="0.5" g="0.5" b="0.5" a="1"/>
<Emissive r="0" g="0" b="0" a="1"/>
<Shininess>0.40000000596046448</Shininess>
</VisualProperties>
</Part>
<Part name="Base" uid="Base*:*Default" version="1061">
<ModelUnits mass="kilogram" length="millimeter"/>
<PartFile name="Base.SLDPRT" type="SolidWorks Part"/>
<MassProperties>
<Mass>0.015576159256236217</Mass>
<CenterOfMass>0.024485056579738183 0.0047924503379828095 -0.0016045282512684208</CenterOfMass>
<Inertia>2.5842316653018649e-06 6.2479155961497717e-06 4.8787428545940337e-06 1.0017148093103407e-08 5.4612472189822576e-07 -8.308561460108379e-07</Inertia>
</MassProperties>
<GeometryFile name="Base_Default_sldprt.STEP" type="STEP"/>
<VisualProperties>
<Ambient r="1" g="1" b="1" a="1"/>
<Diffuse r="1" g="1" b="1" a="1"/>
<Specular r="0.5" g="0.5" b="0.5" a="1"/>
<Emissive r="0" g="0" b="0" a="1"/>
<Shininess>0.40000000596046448</Shininess>
</VisualProperties>
</Part>
<Part name="Circular Base" uid="Circular Base*:*Default" version="773">
<ModelUnits mass="kilogram" length="millimeter"/>
<PartFile name="Circular Base.SLDPRT" type="SolidWorks Part"/>
<MassProperties>
<Mass>0.093991528357791135</Mass>
<CenterOfMass>0.00088843205396172081 0.024997746287653451 0.0025743839381415284</CenterOfMass>
<Inertia>0.00011411662315489774 0.0001244271983717665 0.00019776949637671264 -6.3413490879470305e-09 1.3244762884255895e-06 2.4814717430064849e-08</Inertia>
</MassProperties>
<GeometryFile name="Circular Base_Default_sldprt.STEP" type="STEP"/>
<VisualProperties>
<Ambient r="1" g="1" b="1" a="1"/>
<Diffuse r="1" g="1" b="1" a="1"/>
<Specular r="1" g="1" b="1" a="1"/>
<Emissive r="0" g="0" b="0" a="1"/>
<Shininess>0.3125</Shininess>
</VisualProperties>
</Part>
<Part name="Rotating Waste" uid="Rotating Waste*:*Default" version="1360">
<ModelUnits mass="kilogram" length="millimeter"/>
<PartFile name="Rotating Waste.SLDPRT" type="SolidWorks Part"/>
<MassProperties>
<Mass>0.08972131879152527</Mass>
<CenterOfMass>0.0070575678960388775 -1.0381422004008026e-07 -0.019422934781166794</CenterOfMass>
<Inertia>7.7272872070026165e-05 6.6937092739878263e-05 7.0695447549394449e-05 -6.6609666715002531e-11 7.9679090392684729e-06 2.7714050727996652e-10</Inertia>
</MassProperties>
<GeometryFile name="Rotating Waste_Default_sldprt.STEP" type="STEP"/>
<VisualProperties>
<Ambient r="1" g="1" b="1" a="1"/>
<Diffuse r="1" g="1" b="1" a="1"/>
<Specular r="0.5" g="0.5" b="0.5" a="1"/>
<Emissive r="0" g="0" b="0" a="1"/>
<Shininess>0.40000000596046448</Shininess>
</VisualProperties>
</Part>
</Parts>
</SimscapeMultibodyImportXML>
